aMatrix
[ -1.0 , -1.0 , 1.0 ]
[ 1.0 , -3.0 , -1.0 ]
[ -1.0 , 3.0 , -1.0 ]
MatrixComplex :new MatrixComplex("-1.0,-1.0,1.0;1.0,-3.0,-1.0;-1.0,3.0,-1.0");


aMatrix
[ -1.0 , 2.0 , -1.0 ]
[ -1.0 , 2.0 , -1.0 ]
[ -1.0 , 1.0 , -3.0 ]
MatrixComplex :new MatrixComplex("-1.0,2.0,-1.0;-1.0,2.0,-1.0;-1.0,1.0,-3.0");


aMatrix
[ -3.0 , -2.0 , 3.0 ]
[ -3.0 , -2.0 , 1.0 ]
[ 4.0 , -4.0 , 2.0 ]
MatrixComplex :new MatrixComplex("-3.0,-2.0,3.0;-3.0,-2.0,1.0;4.0,-4.0,2.0");


aMatrix
[ 8.0 , -6.0 , 6.0 ]
[ -7.0 , -3.0 , 7.0 ]
[ -9.0 , 2.0 , 2.0 ]
MatrixComplex :new MatrixComplex("8.0,-6.0,6.0;-7.0,-3.0,7.0;-9.0,2.0,2.0");


aMatrix
[ -1.0 , -2.0 , 2.0 ]
[ 4.0 , 5.0 , -4.0 ]
[ 2.0 , 1.0 , -1.0 ]
MatrixComplex :new MatrixComplex("-1.0,-2.0,2.0;4.0,5.0,-4.0;2.0,1.0,-1.0");

aMatrix
[ 2.0 , 3.0 , 4.0 ]
[ 4.0 , 4.0 , 2.0 ]
[ -4.0 , -4.0 , -2.0 ]
MatrixComplex :new MatrixComplex("2.0,3.0,4.0;4.0,4.0,2.0;-4.0,-4.0,-2.0");


aMatrix
[ -1.0 , 8.0 , 8.0 ]
[ 14.0 , 0.0 , 1.0 ]
[ -1.0 , 4.0 , 3.0 ]
MatrixComplex :new MatrixComplex("-1.0,8.0,8.0;14.0,0.0,1.0;-1.0,4.0,3.0");


aMatrix
[ 0.0 , 10.0 , 0.0 ]
[ 2.0 , 1.0 , -2.0 ]
[ 10.0 , 1.0 , 14.0 ]
MatrixComplex :new MatrixComplex("0.0,10.0,0.0;2.0,1.0,-2.0;10.0,1.0,14.0");


aMatrix
[ -3.0 , 6.0 , 9.0 , -5.0 ]
[ 5.0 , 9.0 , -1.0 , 6.0 ]
[ 7.0 , 2.0 , -3.0 , 5.0 ]
[ 7.0 , -8.0 , -1.0 , 1.0 ]
MatrixComplex :new MatrixComplex("-3.0,6.0,9.0,-5.0;5.0,9.0,-1.0,6.0;7.0,2.0,-3.0,5.0;7.0,-8.0,-1.0,1.0");

aMatrix
[ 3.0 , 2.0 , -1.0 , 3.0 ]
[ -3.0 , 1.0 , 2.0 , 1.0 ]
[ -1.0 , 3.0 , -2.0 , 2.0 ]
[ 1.0 , -2.0 , -1.0 , -3.0 ]
MatrixComplex :new MatrixComplex("3.0,2.0,-1.0,3.0;-3.0,1.0,2.0,1.0;-1.0,3.0,-2.0,2.0;1.0,-2.0,-1.0,-3.0");

aMatrix
[ 3.0 , -2.0 , 3.0 , 3.0 ]
[ 2.0 , 3.0 , 3.0 , 2.0 ]
[ -2.0 , -3.0 , 3.0 , -2.0 ]
[ -2.0 , 2.0 , -3.0 , -2.0 ]
MatrixComplex :new MatrixComplex("3.0,-2.0,3.0,3.0;2.0,3.0,3.0,2.0;-2.0,-3.0,3.0,-2.0;-2.0,2.0,-3.0,-2.0");

aMatrix
[ -1.0 , 4.0 , -4.0 , 2.0 ]
[ -3.0 , -3.0 , -3.0 , -3.0 ]
[ 1.0 , -2.0 , 1.0 , -2.0 ]
[ -1.0 , -2.0 , 2.0 , -2.0 ]
MatrixComplex :new MatrixComplex("-1.0,4.0,-4.0,2.0;-3.0,-3.0,-3.0,-3.0;1.0,-2.0,1.0,-2.0;-1.0,-2.0,2.0,-2.0");

aMatrix
[ -5.0 , -2.0 , 5.0 , -5.0 ]
[ 3.0 , 3.0 , -1.0 , -2.0 ]
[ 2.0 , -5.0 , 4.0 , -5.0 ]
[ 3.0 , -5.0 , -1.0 , 2.0 ]
MatrixComplex :new MatrixComplex("-5.0,-2.0,5.0,-5.0;3.0,3.0,-1.0,-2.0;2.0,-5.0,4.0,-5.0;3.0,-5.0,-1.0,2.0");

aMatrix
[ 4.0 , 5.0 , 2.0 , 1.0 ]
[ -4.0 , -3.0 , -2.0 , 5.0 ]
[ 3.0 , 1.0 , -1.0 , -3.0 ]
[ 2.0 , 1.0 , -3.0 , 2.0 ]
MatrixComplex :new MatrixComplex("4.0,5.0,2.0,1.0;-4.0,-3.0,-2.0,5.0;3.0,1.0,-1.0,-3.0;2.0,1.0,-3.0,2.0");

[ 5.0 , 3.0 , -4.0 , 2.0 ]
[ 4.0 , 4.0 , 2.0 , -4.0 ]
[ 1.0 , 3.0 , -2.0 , -5.0 ]
[ -1.0 , -1.0 , 1.0 , 4.0 ]
MatrixComplex :new MatrixComplex("5.0,3.0,-4.0,2.0;4.0,4.0,2.0,-4.0;1.0,3.0,-2.0,-5.0;-1.0,-1.0,1.0,4.0");

aMatrix
[ 3.0 , -3.0 , 2.0 , -5.0 ]
[ -2.0 , 2.0 , -3.0 , -3.0 ]
[ 4.0 , -4.0 , -2.0 , -2.0 ]
[ 4.0 , -4.0 , 3.0 , -1.0 ]
MatrixComplex :new MatrixComplex("3.0,-3.0,2.0,-5.0;-2.0,2.0,-3.0,-3.0;4.0,-4.0,-2.0,-2.0;4.0,-4.0,3.0,-1.0");

aMatrix
[ -5.0 , 1.0 , -5.0 , -4.0 ]
[ -1.0 , -5.0 , 3.0 , 2.0 ]
[ 5.0 , 3.0 , -2.0 , 2.0 ]
[ -3.0 , -2.0 , -1.0 , -5.0 ]
MatrixComplex :new MatrixComplex("-5.0,1.0,-5.0,-4.0;-1.0,-5.0,3.0,2.0;5.0,3.0,-2.0,2.0;-3.0,-2.0,-1.0,-5.0");

[ -2.0 , 2.0 , -1.0 , 1.0 , -3.0 ]
[ 2.0 , -2.0 , -1.0 , 1.0 , -3.0 ]
[ 3.0 , 3.0 , 1.0 , -2.0 , -2.0 ]
[ 2.0 , 3.0 , 2.0 , -3.0 , -1.0 ]
[ -2.0 , -1.0 , 3.0 , -3.0 , 3.0 ]
MatrixComplex :new MatrixComplex("-2.0,2.0,-1.0,1.0,-3.0;2.0,-2.0,-1.0,1.0,-3.0;3.0,3.0,1.0,-2.0,-2.0;2.0,3.0,2.0,-3.0,-1.0;-2.0,-1.0,3.0,-3.0,3.0");

aMatrix
[ 2.0 , -3.0 , -2.0 , 3.0 , -1.0 ]
[ 1.0 , 2.0 , 1.0 , -1.0 , 1.0 ]
[ -1.0 , 1.0 , 1.0 , 1.0 , -1.0 ]
[ 1.0 , -3.0 , -1.0 , 3.0 , 1.0 ]
[ -2.0 , 2.0 , 1.0 , -2.0 , 1.0 ]
MatrixComplex :new MatrixComplex("2.0,-3.0,-2.0,3.0,-1.0;1.0,2.0,1.0,-1.0,1.0;-1.0,1.0,1.0,1.0,-1.0;1.0,-3.0,-1.0,3.0,1.0;-2.0,2.0,1.0,-2.0,1.0");


aMatrix
[ 2.0 , -1.0 , -2.0 , -3.0 , -3.0 ]
[ 1.0 , -3.0 , -3.0 , -1.0 , -3.0 ]
[ 3.0 , 3.0 , 3.0 , -3.0 , 3.0 ]
[ 1.0 , 1.0 , -2.0 , -2.0 , -1.0 ]
[ 2.0 , -3.0 , 1.0 , -2.0 , -3.0 ]
MatrixComplex :new MatrixComplex("2.0,-1.0,-2.0,-3.0,-3.0;1.0,-3.0,-3.0,-1.0,-3.0;3.0,3.0,3.0,-3.0,3.0;1.0,1.0,-2.0,-2.0,-1.0;2.0,-3.0,1.0,-2.0,-3.0");

